name: my-env
channels:
  - conda-forge
  - defaults
dependencies:
  - _libgcc_mutex=0.1=main
  - blas=1.0=mkl
  - bzip2=1.0.8=h516909a_2
  - ca-certificates=2020.6.20=hecda079_0
  - cairo=1.16.0=h18b612c_1001
  - certifi=2020.6.20=py37hc8dfbb8_0
  - cycler=0.10.0=py_2
  - dbus=1.13.6=he372182_0
  - expat=2.2.9=he1b5a44_2
  - ffmpeg=4.1.3=h167e202_0
  - fontconfig=2.13.1=he4413a7_1000
  - freetype=2.10.2=he06d7ca_0
  - giflib=5.2.1=h516909a_2
  - glib=2.65.0=h3eb4bd4_0
  - gmp=6.2.0=he1b5a44_2
  - gnutls=3.6.13=h79a8f9a_0
  - graphite2=1.3.13=he1b5a44_1001
  - gst-plugins-base=1.14.0=hbbd80ab_1
  - gstreamer=1.14.0=hb31296c_0
  - harfbuzz=2.4.0=h37c48d4_1
  - hdf5=1.10.5=nompi_h3c11f04_1104
  - icu=58.2=hf484d3e_1000
  - imutils=0.5.3=py37hc8dfbb8_2
  - intel-openmp=2020.1=217
  - jasper=1.900.1=h07fcdf6_1006
  - jpeg=9d=h516909a_0
  - kiwisolver=1.2.0=py37h99015e2_0
  - lame=3.100=h14c3975_1001
  - ld_impl_linux-64=2.33.1=h53a641e_7
  - libblas=3.8.0=16_mkl
  - libcblas=3.8.0=16_mkl
  - libedit=3.1.20191231=h14c3975_1
  - libffi=3.3=he6710b0_2
  - libgcc-ng=9.1.0=hdf63c60_0
  - libgfortran-ng=7.3.0=hdf63c60_0
  - libiconv=1.15=h516909a_1006
  - liblapack=3.8.0=16_mkl
  - liblapacke=3.8.0=16_mkl
  - libpng=1.6.37=hed695b0_1
  - libstdcxx-ng=9.1.0=hdf63c60_0
  - libtiff=4.1.0=hc3755c2_3
  - libuuid=2.32.1=h14c3975_1000
  - libwebp=1.0.2=h56121f0_5
  - libxcb=1.13=h14c3975_1002
  - libxml2=2.9.9=h13577e0_2
  - lz4-c=1.9.2=he1b5a44_1
  - matplotlib-base=3.2.2=py37hef1b27d_0
  - mkl=2020.1=217
  - mkl-service=2.3.0=py37he904b0f_0
  - mkl_fft=1.1.0=py37h23d657b_0
  - mkl_random=1.1.1=py37h0573a6f_0
  - ncurses=6.2=he6710b0_1
  - nettle=3.4.1=h1bed415_1002
  - numpy=1.18.5=py37ha1c710e_0
  - numpy-base=1.18.5=py37hde5b4d6_0
  - opencv=4.1.0=py37h3aa1047_6
  - openh264=1.8.0=hdbcaa40_1000
  - openssl=1.1.1g=h516909a_0
  - pandas=1.0.5=py37h0573a6f_0
  - pcre=8.44=he1b5a44_0
  - pip=20.1.1=py37_1
  - pixman=0.38.0=h516909a_1003
  - pthread-stubs=0.4=h14c3975_1001
  - pyparsing=2.4.7=pyh9f0ad1d_0
  - python=3.7.7=hcff3b4d_5
  - python-dateutil=2.8.1=py_0
  - python_abi=3.7=1_cp37m
  - pytz=2020.1=py_0
  - qt=5.9.7=h5867ecd_1
  - readline=8.0=h7b6447c_0
  - scipy=1.5.0=py37h0b6359f_0
  - setuptools=49.1.0=py37_0
  - six=1.15.0=py_0
  - sqlite=3.32.3=h62c20be_0
  - tk=8.6.10=hbc83047_0
  - tornado=6.0.4=py37h8f50634_1
  - wheel=0.34.2=py37_0
  - x264=1!152.20180806=h14c3975_0
  - xorg-kbproto=1.0.7=h14c3975_1002
  - xorg-libice=1.0.10=h516909a_0
  - xorg-libsm=1.2.3=h84519dc_1000
  - xorg-libx11=1.6.9=h516909a_0
  - xorg-libxau=1.0.9=h14c3975_0
  - xorg-libxdmcp=1.1.3=h516909a_0
  - xorg-libxext=1.3.4=h516909a_0
  - xorg-libxrender=0.9.10=h516909a_1002
  - xorg-renderproto=0.11.1=h14c3975_1002
  - xorg-xextproto=7.3.0=h14c3975_1002
  - xorg-xproto=7.0.31=h14c3975_1007
  - xz=5.2.5=h7b6447c_0
  - zlib=1.2.11=h7b6447c_3
  - zstd=1.4.4=h6597ccf_3
prefix: /home/kush/anaconda3/envs/my-env

